41
45
47
46
40
49
51
36
35
34
45
44
44
51
51
45
48
48
55
51
45
45
53
49
53
46
39
69
56
55
74
66
46
43
40
41
42
51
52
55
59
62
57
61
55
59
57
45
42
46
44
47
62
60
53
53
53
48
58
56
38
59
48
41
59
56
38
50
55
48
47
48
51
45
47
48
44
43
38
37
40
41
45
54
50
49
48
50
53
54
44
48
63
67
60
63
64
11
59
59
63
62
80
74
76
77
71
64
58
52
55
57
74
81
73
70
66
60
50
54
46
54
71
66
66
65
69
55
55
54
63
61
65
63
61
66
59
60
50
52
48
58
56
77
78
83
73
63
60
59
57
61
57
58
57
51
77
73
71
67
67
58
58
54
73
53
74
79
69
62
67
60
68
86
19
85
21
59
61
41
55
64
65
67
67
63
81
82
51
63
50
51
51
64
55
53
46
44
40
37
67
62
48
48
46
50
46
38
42
40
47
42
55
50
50
49
47
