42
43
44
48
42
51
49
37
35
34
44
46
43
55
50
44
46
46
54
51
46
47
50
48
53
48
43
71
61
57
69
65
47
44
43
41
41
52
51
53
60
62
56
61
56
61
58
42
43
46
45
47
62
57
55
53
53
45
58
52
39
54
49
42
57
56
38
52
52
49
48
42
51
45
46
45
46
44
37
40
40
43
47
53
51
51
48
48
51
52
46
45
59
66
60
68
65
11
58
62
61
61
81
74
75
78
11
67
59
50
62
56
73
82
76
69
71
61
50
56
48
54
71
68
68
65
66
58
55
55
63
63
66
61
60
65
60
57
52
51
51
61
57
77
80
83
72
63
58
59
59
63
56
59
55
51
77
74
69
67
67
59
59
54
74
52
73
80
67
61
68
62
66
87
19
19
21
57
58
42
51
64
65
65
68
60
82
86
50
61
52
50
48
65
56
53
47
43
43
37
63
66
47
47
48
48
49
40
42
41
48
40
56
50
53
49
48
