11090.19312  
9404.008939  
8694.232786  
8488.529153  
8336.982451  
8262.798004  
8164.14749  
8220.50574  
8145.826729  
8162.219148  
8172.258712  
8186.619001  
8228.25848  
8181.031727  
8218.004666  
8227.072579  
8178.396672  
8163.282993  
8191.110853  
8211.808265  
8157.427876  
8165.275722  
8143.188203  
8112.349709  
8154.149421  
8198.426044  
8180.034518  
8167.306605  
8140.132386  
8149.543903  
8182.410669  
8223.343637  
8180.422251  
8166.883341  
8177.236949  
8174.567577  
8198.71499  
8145.231132  
8190.250753  
8159.585644  
8113.816806  
8184.51097  
8124.808616  
8142.434522  
8145.731315  
8155.7769  
8124.823423  
8162.782923  
8158.799931  
8104.752684  
8132.748769  
8049.264045  
8135.55706  
8224.943795  
8252.977977  
8230.795209  
8248.219603  
8164.548609  
8172.418731  
8191.616171  
8164.328461  
8166.029931  
8173.643382  
8143.34751  
8154.631257  
8123.097104  
8210.320907  
8137.420806  
8137.56552  
8164.279794  
8186.194431  
8160.129697  
8137.362515  
8159.987011  
8151.254269  
8154.421561  
8195.360506  
8181.259419  
8231.84204  
8202.348277  
8211.462153  
8258.002788  
8167.669719  
8178.701092  
8170.424769  
8199.970387  
8163.294546  
8181.530837  
8098.177195  
8109.091587  
8090.420324  
8180.615873  
8178.69596  
8189.344185  
8147.779021  
8050.068006  
8102.666844  
8111.335918  
8205.230159  
8164.209868  
8168.467091  
8213.023848  
8216.612059  
8198.377589  
8102.256679  
8172.609351  
8239.775141  
8147.025265  
8331.636597  
8320.224669  
8339.278369  
8250.812166  
8200.629688  
8166.261255  
8165.817462  
8147.153778  
8298.188032  
8273.213253  
8311.320167  
8277.853765  
8225.035293  
8247.863449  
8237.495822  
8258.005174  
8304.058797  
8186.569665  
8233.319135  
8202.275799  
8236.18206  
8214.987325  
8243.935249  
8229.508495  
8201.716156  
8118.897238  
8189.299495  
8256.253975  
8226.807301  
8262.744428  
8290.253986  
8315.229594  
8285.872861  
8256.949641  
8200.157936  
8317.304606  
8172.98804  
8249.588978  
8316.254808  
8248.648667  
8240.19697  
8338.293022  
8256.073708  
8229.230756  
8295.385466  
8277.946965  
8232.86086  
8182.7205  
8291.002861  
8236.815368  
8205.806512  
8307.05706  
8255.596501  
8288.001456  
8300.65815  
8283.43134  
8251.188943  
8224.288108  
8290.539909  
8248.685412  
8283.328344  
8234.971786  
8188.500292  
8242.359952  
8215.180538  
8278.377967  
8276.498643  
8263.670726  
8219.066247  
8259.556988  
8250.789007  
8207.137775  
8237.77032  
8234.947173  
8255.463602  
8216.109989  
8240.564654  
8206.959568  
8296.381356  
8307.554122  
8326.988447  
8261.247685  
8266.577771  
8226.958971  
8199.99599  
8239.965155  
8247.123082  
8287.617866  
8234.527114  
8202.239057  
8212.530863  
8237.430593  
8260.877329  
8321.576638  
8121.805918  
8185.693136  
8193.722597  
8057.196671  
8134.370495  
8174.124596  
8153.193176  
8166.68623  
8178.700284  
8178.165982  
8192.375857  
8213.649449  
8218.30438  
8214.500625  
8259.111375  
8206.617305  
8172.01091  
8170.583412  
8151.606056  
8182.307743  
8183.855195  
8153.340363  
8119.021462  
8243.311853  
8262.770912  
8261.568927  
8315.954473  
8240.583766  
8224.58449  
8198.678463  
8249.589508  
8209.737753  
8292.63279  
8277.233286  
8184.564314  
8152.761997  
8118.799981  
8218.176526  
8255.761098  
8274.749885  
8303.098098  
8267.752106  
8161.300308  
8081.339621  
8344.493385  
8237.471529  
8236.624903  
8325.073673  
8263.701251  
8205.657854  
8215.576095  
8127.964793  
8124.243301  
8124.632994  
8220.877373  
8167.602329  
8222.036164  
8164.343094  
8196.869863  
8135.179869  
8089.169833  
8149.050021  
8212.866918  
8250.84613  
8081.058715  
8115.378246  
8106.365126  
8153.374593  
8156.618034  
8186.190876  
8148.53452  
8088.209006  
8262.999061  
8227.246595  
8325.067621  
8368.670302  
8396.071685  
8269.073907  
8212.319645  
8189.237963  
8342.272927  
8508.644962  
8383.053382  
8333.029361  
8330.265649  
8361.813143  
8329.96713  
8322.032209  
8266.827712  
8247.011188  
8248.289014  
8191.28629  
8282.807507  
8326.063477  
8280.576514  
8179.64591  
8264.896219  
8210.124574  
8297.224804  
8231.182396  
8347.639368  
8291.302723  
8277.559139  
8263.660881  
8276.484667  
8305.904012  
8283.651513  
8319.915854  
8346.282436  
8279.73818  
8300.556194  
8214.384527  
8306.468905  
8367.447957  
8283.34755  
8284.061075  
8285.285459  
8316.429182  
8346.350889  
8226.803877  
8324.331472  
8321.543866  
8300.052348  
8312.839097  
8280.114439  
8341.811804  
8166.286206  
8111.564438  
8167.098582  
8266.275216  
8264.369121  
8300.253  
8280.798757  
8290.156725  
8365.649947  
8295.185856  
8233.47297  
8299.344749  
8354.915499  
8338.467272  
8335.165644  
8256.754509  
8274.91311  
8284.830012  
8330.419376  
8232.736717  
8269.945377  
8307.362422  
8233.296829  
8249.900715  
8211.102506  
8155.196004  
8229.999989  
8190.012545  
8295.880181  
8287.078465  
8294.52268  
8308.11766  
8251.50646  
8317.847552  
8308.270539  
8325.551371  
8348.70925  
8303.819813  
8351.842809  
8263.276986  
8317.083045  
8278.134938  
8289.326349  
8275.140587  
8139.235528  
8245.298921  
8329.582986  
8380.301426  
8266.231348  
8280.401396  
8249.184827  
8283.542967  
8314.718836  
8260.476222  
8251.953456  
8234.455602  
8291.162525  
8271.887079  
8238.605294  
8236.54389  
8104.944592  
8271.923234  
8251.243679  
8107.978763  
8178.967126  
8220.454022  
8259.067911  
8187.149432  
8281.970082  
8306.351403  
8234.39688  
8266.09871  
8197.712477  
8267.621867  
8221.971514  
8204.376922  
8218.5816  
8204.144052  
8200.893672  
8222.865491  
8211.362437  
8266.028117  
8195.3493  
