11361.51099  
10216.62343  
9825.897611  
9752.715962  
9684.99561  
9582.310521  
9601.45892  
9627.521891  
9591.695274  
9611.236268  
9625.415176  
9576.02659  
9528.031044  
9635.631472  
9602.317177  
9585.923541  
9644.126383  
9612.810213  
9629.706963  
9617.6728  
9529.06441  
9541.109846  
9516.920873  
9496.759123  
9587.712184  
9544.496625  
9505.933568  
9583.397577  
9545.639122  
9693.242089  
9565.833175  
9528.15186  
9570.205237  
9631.430921  
9616.163484  
9591.173978  
9527.307116  
9497.199561  
9521.397183  
9533.895705  
9534.283567  
9601.0942  
9568.322454  
9600.891315  
9511.481724  
9524.172213  
9493.03645  
9583.626126  
9433.88456  
9479.845502  
9562.472108  
9572.922329  
9607.685358  
9478.159796  
9509.301231  
9521.608934  
9620.5749  
9496.254789  
9552.545012  
9590.376156  
9505.834246  
9494.864866  
9481.1374  
9530.023682  
9478.973933  
9619.863534  
9545.555313  
9658.611675  
9620.812646  
9564.771579  
9214.491044  
9670.017608  
9561.544104  
9501.925571  
9548.59067  
9595.708132  
9525.980357  
9529.134599  
9615.713186  
9761.2088  
9626.116562  
9437.228293  
9573.397756  
9458.901307  
9614.978464  
9569.286206  
9738.505414  
9468.024954  
9555.848774  
9538.223813  
9550.20483  
9563.777661  
9518.483338  
9460.227839  
9609.692743  
9583.82379  
9524.953134  
9535.815854  
9611.174946  
9569.433495  
9551.718245  
9541.106972  
9498.060675  
9541.36789  
9573.688232  
9605.494509  
9620.306281  
9596.378354  
9604.015548  
9557.813515  
9592.639045  
9454.99707  
9487.065867  
9515.601425  
9527.108874  
9586.670406  
9583.487348  
9534.746038  
9500.175811  
9535.500103  
9509.182878  
9499.253465  
9531.512263  
9589.383326  
9524.645829  
9495.651479  
9530.458299  
9549.681529  
9522.977333  
9573.876114  
9488.391606  
9507.411231  
9537.578562  
9587.265895  
9523.303068  
9444.74997  
9585.693715  
9585.963807  
9570.047453  
9528.375304  
9484.194593  
9509.470065  
9574.528282  
9559.555369  
9516.180077  
9487.344281  
9505.347691  
9526.320051  
9565.78893  
9551.545911  
9532.047993  
9485.672843  
9537.849434  
9537.135704  
9547.363829  
9553.160872  
9559.071122  
9563.431765  
9538.341004  
9544.766092  
9519.690143  
9560.208051  
9492.896262  
9308.038634  
9476.08706  
9473.008288  
9499.15323  
9502.163146  
9492.559725  
9556.275678  
9782.64499  
9626.354835  
9548.699236  
9432.480559  
9578.460629  
9574.48333  
9638.33102  
9569.458012  
9633.28525  
9649.052482  
9585.126658  
9582.23282  
9527.781516  
9488.598577  
9566.793179  
9517.678158  
9485.70952  
9576.472374  
9497.894737  
9598.407544  
9553.066136  
9589.786848  
9583.71824  
9519.356617  
9578.819259  
9467.998531  
9519.72613  
9468.863358  
9516.941663  
9520.225355  
9485.602124  
9558.147157  
9565.840542  
9498.081629  
9531.705712  
9580.59898  
9481.342268  
9544.067083  
9546.139995  
9527.456222  
9493.181272  
9469.07484  
9572.466574  
9579.873933  
9604.531451  
9503.030783  
9457.299137  
9575.2108  
9486.132624  
9457.157968  
9537.54323  
9393.385858  
9420.560693  
9468.359264  
9483.672971  
9462.789251  
9534.704765  
9503.549158  
9537.773579  
9556.997888  
9571.147752  
9619.511252  
9597.329778  
9527.15413  
9522.651603  
9547.687504  
9485.131609  
9496.450705  
9568.479856  
9478.231158  
9488.886976  
9589.907505  
9481.426766  
9473.411347  
9507.885387  
9458.318004  
9545.23632  
9497.404734  
9517.552315  
9447.186104  
9426.548653  
9487.695415  
9457.678158  
9495.950311  
9479.16515  
9559.523964  
9495.204097  
9488.650185  
9512.133296  
9525.612467  
9467.287144  
9496.21134  
9521.907595  
9489.714056  
9400.256617  
9453.206093  
9495.480927  
9508.849224  
9541.035555  
9459.062701  
9435.777511  
9482.160816  
9490.935414  
9473.549625  
9475.838469  
9538.39215  
9475.107867  
9553.661  
9474.791928  
9481.786698  
9614.302229  
9437.318398  
9533.160375  
9545.363384  
9586.741725  
9579.616862  
9534.236384  
9648.005799  
9575.177092  
9619.930895  
9470.531867  
9559.041628  
9511.424852  
9517.822707  
9496.896035  
9468.211726  
9447.201553  
9521.151436  
9512.649114  
9513.590161  
9564.21851  
9577.247529  
9516.176599  
9518.443227  
9543.694683  
9489.515865  
9442.202551  
9503.184553  
9477.942738  
9334.990187  
9495.247589  
9404.384162  
9387.933722  
9437.708813  
9428.760914  
9479.880705  
9402.35119  
9362.114498  
9438.059403  
9430.585248  
9514.100051  
9574.480353  
9531.616451  
9474.528924  
9228.869368  
9547.433101  
9479.787439  
9418.054495  
9375.956432  
9455.979903  
9376.200105  
9515.378851  
9446.736628  
9399.245862  
9444.50798  
9444.998295  
9403.322146  
9355.826215  
9385.493537  
9337.064346  
9394.353957  
9415.287401  
9371.973607  
9327.51697  
9351.504973  
9414.666859  
9365.210372  
9317.097138  
9454.151299  
9404.991198  
9514.493969  
9439.527078  
9465.203652  
9448.743764  
9477.573945  
9452.18254  
9484.440777  
9508.460681  
9400.399268  
9405.20617  
9451.767021  
9452.231111  
9447.478708  
9522.594071  
9470.590726  
9479.874606  
9491.326215  
9423.758652  
9472.150656  
9384.892047  
9413.33828  
9454.188194  
9417.986816  
9524.499383  
9425.646082  
9434.622413  
9449.847511  
9406.644488  
9348.231021  
9386.827431  
9503.410679  
9465.369008  
9583.646514  
9598.10558  
9577.021424  
9508.177717  
9518.708856  
9428.207631  
9463.885537  
9520.37691  
9439.92863  
9522.034655  
9519.881211  
9474.976443  
9433.260378  
9480.535353  
9426.132748  
9405.289187  
9507.935123  
9534.824853  
9409.06283  
9502.68544  
9483.294194  
9483.292215  
9482.893289  
9475.601228  
9434.166919  
9482.204573  
9467.347181  
9522.604882  
9470.45375  
