11119.82046  
9384.085045  
8683.796044  
8428.237241  
8332.950109  
8172.586949  
8230.689018  
8243.721114  
8181.509335  
8276.348913  
8262.601973  
8196.491321  
8251.051097  
8251.293956  
8196.431497  
8288.766166  
8235.710047  
8307.349192  
8222.387344  
8183.754068  
8200.049137  
8139.301835  
8108.983487  
8145.999496  
8234.54613  
8252.222665  
8293.223525  
8266.115435  
8236.688158  
8245.94704  
8274.405196  
8184.989479  
8162.588633  
8117.444864  
8215.458465  
8228.813777  
8285.556141  
8227.791955  
8163.468127  
8146.690609  
8221.119373  
8154.902505  
8126.432109  
8193.346757  
8102.285344  
8147.249026  
8142.269774  
8151.11477  
8110.723966  
8066.795017  
8116.762468  
8147.79961  
8155.228147  
8074.106273  
8092.750992  
8076.386343  
8127.327491  
8053.321574  
8134.355254  
8107.164237  
8190.733054  
8124.453836  
8148.127897  
8162.340334  
8111.192655  
8140.243889  
8150.841554  
8169.821097  
8141.509361  
8149.884914  
7882.311252  
8286.123027  
8166.44305  
8187.319122  
8193.27045  
8189.363257  
8137.407021  
8096.927955  
8170.858646  
8155.120135  
8018.66745  
8117.703417  
8183.579806  
8209.613025  
8122.62641  
8224.092332  
8270.486472  
8053.654593  
8072.997059  
8042.503173  
8050.339172  
8121.477859  
8166.482983  
8035.16163  
8132.82259  
8128.360623  
8160.755912  
8214.498666  
8157.888332  
8229.9958  
8213.321267  
8204.280813  
8141.901471  
8141.772227  
8180.497351  
8258.819208  
8254.942962  
8207.887854  
8198.40296  
8263.177032  
8174.168349  
8194.025863  
8117.749319  
8155.721105  
8104.975168  
8232.670872  
8150.835023  
8122.907512  
8159.909522  
8157.77652  
8131.151073  
8081.776623  
8133.119516  
8117.377559  
8046.682518  
8151.765274  
8088.391794  
8124.017046  
8105.597475  
8135.00568  
8188.110771  
8167.313121  
8183.085381  
8194.10544  
8166.980345  
8109.954844  
8136.094841  
8227.988138  
8110.103982  
8019.977548  
8064.91832  
8117.440286  
8125.49989  
8116.412034  
8164.783762  
8189.224691  
8159.625574  
8066.695609  
8135.354229  
8111.240583  
8213.849751  
8191.94413  
8139.604457  
8120.668468  
8112.926851  
8192.397218  
8189.681767  
8187.806811  
8188.15551  
8126.733076  
8198.454057  
8197.519662  
8200.511745  
7902.554586  
8116.786524  
8149.913643  
8160.391909  
8172.932887  
8127.270894  
8201.343571  
8296.662394  
8246.388139  
8144.506604  
8117.396495  
8195.438779  
8209.068706  
8241.701214  
8206.728801  
8197.415954  
8181.684049  
8176.054604  
8172.287072  
8157.769301  
8127.606167  
8148.847513  
8156.317745  
8203.103255  
8144.17583  
8185.119702  
8187.007854  
8200.462718  
8196.682527  
8270.984057  
8171.056579  
8260.712511  
8204.637251  
8187.029566  
8194.148426  
8165.169467  
8177.933441  
8215.989781  
8241.589895  
8205.843162  
8214.863635  
8251.329413  
8190.893742  
8124.410083  
8176.951055  
8148.765057  
8139.852731  
8159.848054  
8166.059718  
8106.247826  
8143.40108  
8194.79615  
8123.62971  
8223.30735  
8186.785991  
8187.242448  
8200.003164  
8155.498509  
8007.286811  
8083.300308  
8046.23462  
8107.348781  
8086.932825  
8147.830144  
8047.035534  
8093.870787  
8032.161513  
8033.832813  
8156.244719  
8196.130097  
8222.16136  
8138.943627  
8198.792169  
8138.303276  
8071.495422  
8030.466852  
8024.393782  
8131.957842  
8099.408214  
8036.826552  
8039.839884  
7991.769383  
8058.063894  
8071.722135  
8140.962038  
8062.167606  
8077.916678  
8119.433187  
8020.079331  
7983.474212  
8111.581757  
8123.381235  
8248.302863  
8117.410421  
8149.584015  
8182.720714  
8096.106649  
8141.590005  
8139.642702  
8113.510548  
8048.779374  
8017.062823  
8040.899003  
8075.553108  
8104.824795  
8110.591382  
8175.053868  
8151.179992  
8076.358949  
8110.281913  
8089.155934  
8157.413705  
8113.737437  
8189.486242  
8220.06455  
8073.214143  
8138.239954  
8152.318622  
8011.01146  
8146.566839  
8103.06237  
8078.084764  
8211.826024  
8090.220319  
8151.621816  
8189.602594  
8173.182142  
8169.732283  
8158.927323  
8138.862373  
8172.186265  
8119.089353  
8159.871726  
8119.957  
8110.905273  
8130.468235  
8133.973025  
8166.441459  
8216.370497  
8184.45845  
8150.667737  
8134.488354  
8098.604475  
8098.984318  
8056.550593  
8086.101072  
7988.835823  
8167.843752  
8097.985683  
8089.804058  
8082.296822  
8054.524242  
8081.3665  
8111.808896  
8088.45008  
8085.235842  
8101.542726  
8090.349448  
8134.414253  
8076.446713  
8167.568956  
7900.063037  
8152.080885  
8053.388475  
8119.589077  
8069.384832  
8123.706501  
8117.930699  
8136.662434  
8077.496668  
8052.468363  
8069.643913  
8016.608717  
8064.924582  
8099.767675  
8078.116792  
8067.395084  
8030.631403  
8026.508305  
7981.75268  
8016.697076  
8006.444654  
8020.332288  
8048.719442  
8053.170065  
8078.410711  
8045.483896  
8068.998986  
8059.884779  
8137.388281  
8057.31499  
8112.722117  
8114.075432  
8076.775015  
8150.244512  
8066.383595  
8027.223737  
8044.915883  
8027.235539  
8073.042648  
8077.069497  
8038.762225  
8059.893968  
8096.275355  
8047.752755  
8047.44132  
8069.243864  
8070.300264  
8016.355727  
8046.927648  
8090.305783  
8173.528289  
8090.367165  
8090.721163  
8174.302805  
7988.293194  
8111.629154  
8184.704521  
8224.274297  
8198.064435  
8172.19183  
8213.154153  
8136.309144  
8100.194281  
8133.643221  
8122.945142  
8095.402425  
8084.296943  
8099.374293  
8131.596516  
8107.342974  
8123.987356  
8095.644467  
8107.917796  
8096.323001  
8071.742121  
8133.483266  
8094.508416  
8030.166044  
8079.795015  
8077.698688  
8109.081123  
8118.426192  
8063.355637  
8125.631862  
8087.697562  
8133.500954  
8052.876246  
