11193.16092  
10167.49311  
9813.463199  
9649.894163  
9592.902742  
9545.302015  
9568.936695  
9613.463109  
9606.097391  
9563.63295  
9563.701831  
9566.219285  
9616.778731  
9687.274744  
9531.875338  
9605.519531  
9557.432394  
9490.590735  
9553.022641  
9562.046588  
9617.031974  
9598.447574  
9561.768092  
9570.361264  
9501.076189  
9441.003508  
9595.863697  
9558.212145  
9496.128915  
9576.946036  
9488.594148  
9482.537216  
9592.429987  
9594.528517  
9416.169022  
9478.962779  
9524.745897  
9558.54129  
9557.543371  
9502.061493  
9613.077517  
9566.219418  
9512.078553  
9536.41635  
9447.238782  
9476.997597  
9474.436429  
9508.653397  
9563.132491  
9542.705948  
9483.531353  
9488.108488  
9447.324763  
9461.298327  
9461.495593  
9501.212454  
9561.458368  
9583.532329  
9494.779383  
9528.915236  
9507.917468  
9467.946807  
9511.178741  
9396.527481  
9515.495177  
9477.05461  
9505.070407  
9451.038519  
9449.425105  
9482.415407  
9457.846517  
9572.017617  
9554.104488  
9503.873449  
9472.479462  
9473.668808  
9487.296284  
9529.293684  
9491.084661  
9524.263698  
9574.39185  
9526.629592  
9552.106715  
9469.72888  
9554.924364  
9551.736936  
9543.337432  
9448.367719  
9456.614515  
9526.506014  
9449.075679  
9467.261179  
9504.529584  
9424.211259  
9495.038591  
9391.353982  
9481.70952  
9397.764177  
9450.464141  
9492.991896  
9498.573619  
9535.950799  
9513.051629  
9496.987656  
9442.256532  
9446.194542  
9500.061926  
9491.906635  
9451.799505  
9630.636051  
9600.182394  
9693.232263  
9852.838143  
9748.721911  
9751.722819  
9601.77883  
9691.017711  
9645.955185  
9635.187881  
9568.154177  
9541.384821  
9585.914075  
9581.496124  
9534.337629  
9575.259714  
9735.15685  
9630.245558  
9559.350475  
9531.047038  
9477.048057  
9600.400952  
9523.169254  
9586.988178  
9500.723573  
9455.830721  
9507.268268  
9551.034702  
9603.696786  
9535.76216  
9579.833864  
9501.760845  
9590.13758  
9498.875334  
9439.971555  
9533.580391  
9566.379133  
9593.537049  
9522.434643  
9459.757418  
9550.163613  
9533.088366  
9584.568831  
9479.039409  
9487.056161  
9620.6446  
9531.769064  
9487.717709  
9508.783824  
9517.058675  
9632.012507  
9572.854244  
9550.950028  
9562.691518  
9507.996188  
9563.748317  
9518.474781  
9522.134329  
9529.978785  
9548.726828  
9629.53176  
9604.43257  
9600.173952  
9481.092495  
9546.017561  
9565.053218  
9551.686027  
9558.4669  
9608.232576  
9577.621051  
9590.791611  
9577.258673  
9571.999315  
9560.146557  
9525.939959  
9554.390154  
9612.620246  
9571.169361  
9647.070942  
9662.029087  
9621.157873  
9474.823799  
9479.545804  
9456.742029  
9555.281618  
9541.204431  
9569.473894  
9528.568398  
9484.446101  
9480.652982  
9570.453797  
9583.798066  
9549.765227  
9397.345133  
9478.455986  
9672.201652  
9419.649208  
9400.980148  
9508.026299  
9514.018816  
9473.651885  
9523.914178  
9514.709961  
9432.600119  
9455.983972  
9531.209927  
9386.432621  
9526.136869  
9460.401273  
9497.417755  
9441.486212  
9483.803934  
9517.806028  
9430.022568  
9462.564436  
9458.832712  
9373.080048  
9486.621895  
9559.282848  
9496.437487  
9577.052375  
9533.758532  
9432.990384  
9394.918072  
9518.563601  
9432.822707  
9556.586559  
9583.435791  
9430.263449  
9411.202513  
9441.993203  
9435.757114  
9503.059793  
9452.63662  
9506.15562  
9492.048498  
9388.08186  
9859.6054  
9607.598222  
9487.801278  
9533.219611  
9564.323585  
9529.193042  
9779.40562  
9806.476108  
9588.352972  
9672.158199  
9750.289709  
9730.338897  
9756.969628  
9640.306037  
9640.052987  
9799.147161  
9758.206856  
9758.049946  
9755.666739  
9694.890544  
9617.54251  
9649.414979  
9461.265312  
9607.466947  
9506.995387  
9572.936905  
9587.388916  
9413.280475  
9498.085723  
9532.00717  
9492.680758  
9608.147602  
9623.926291  
9642.924115  
9633.202971  
9492.617128  
10067.36377  
9766.014756  
9807.500899  
9901.514297  
9786.405479  
9875.384903  
9853.395422  
9845.535418  
9819.822878  
9728.893473  
9787.788921  
9724.779905  
9727.006429  
9747.697587  
9708.289585  
9506.672637  
9691.76204  
9810.380748  
9675.074531  
9677.023116  
9712.020114  
9604.418894  
9670.773939  
9504.763278  
9540.713884  
9577.069272  
9640.376915  
9723.72577  
9623.586156  
9596.694327  
9646.14024  
9523.967589  
9615.032548  
9644.885164  
9603.624409  
9592.961927  
9662.452748  
9627.367976  
9673.348316  
9555.736834  
9702.528774  
9516.895101  
9610.878615  
9610.890843  
9588.067331  
9699.286964  
9569.500188  
9461.363735  
9550.61756  
9620.291333  
9647.510117  
9626.665133  
9672.703678  
9594.256528  
9590.860823  
9570.426064  
9650.462188  
9585.283576  
9585.878752  
9539.370773  
9625.398694  
9645.554893  
9658.956029  
9638.998796  
9568.760699  
9581.43804  
9580.746522  
9578.08189  
9513.932741  
9560.309489  
9609.89633  
9540.463409  
9529.799848  
9465.939063  
9529.48279  
9549.768782  
9587.731432  
9541.736474  
9486.377351  
9556.033524  
9504.738418  
9623.183277  
9512.13516  
9541.033747  
9540.315083  
9555.788095  
9540.315275  
9505.227967  
9535.23279  
9462.462192  
9456.333295  
9538.3131  
9617.480096  
9683.900249  
9610.347292  
9568.201155  
9575.679675  
9551.981844  
9641.63384  
9525.334695  
9516.129386  
9526.163728  
9521.742543  
9465.738684  
9448.295149  
9533.680253  
9458.409424  
9491.067074  
9534.658644  
9332.146382  
9451.61051  
9510.017535  
9497.805279  
9533.891542  
9502.188451  
9450.63722  
9490.529558  
9460.920427  
9519.056452  
9481.889713  
9500.637717  
9502.291388  
9432.326309  
9467.582537  
9451.644291  
9441.020542  
9422.843292  
9484.677276  
9529.897966  
